# snapnum     a       z      t(t0)   t(year)
0  0.0196080   49.9996  0.00354284 4.87485e+07
1  0.0322580   30.0001  0.00747572 1.02864e+08
2  0.0478110   19.9157  0.0134888 1.85602e+08
3  0.0519650   18.2437  0.0152842 2.10306e+08
4  0.0564190   16.7245  0.0172905 2.37912e+08
5  0.0611880   15.3431  0.0195280 2.68700e+08
6  0.0662870   14.0859  0.0220186 3.02969e+08
7  0.0717320   12.9408  0.0247857 3.41044e+08
8  0.0775400   11.8966  0.0278549 3.83276e+08
9  0.0837250   10.9439  0.0312516 4.30013e+08
10  0.0903060   10.0735  0.0350054 4.81665e+08
11  0.0972960   9.27792  0.0391442 5.38613e+08
12   0.104713   8.54991  0.0437000 6.01300e+08
13   0.112572   7.88320  0.0487049 6.70166e+08
14   0.120887   7.27219  0.0541914 7.45659e+08
15   0.129675   6.71159  0.0601958 8.28277e+08
16   0.138950   6.19683  0.0667533 9.18506e+08
17   0.148724   5.72386  0.0738991 1.01683e+09
18   0.159012   5.28883  0.0816718 1.12378e+09
19   0.169824   4.88845  0.0901068 1.23984e+09
20   0.181174   4.51956  0.0992434 1.36556e+09
21   0.193070   4.17947   0.109117 1.50141e+09
22   0.205521   3.86568   0.119762 1.64789e+09
23   0.218536   3.57590   0.131216 1.80549e+09
24   0.232121   3.30810   0.143510 1.97465e+09
25   0.246280   3.06042   0.156673 2.15578e+09
26   0.261016   2.83118   0.170733 2.34924e+09
27   0.276330   2.61886   0.185712 2.55534e+09
28   0.292223   2.42204   0.201630 2.77437e+09
29   0.308691   2.23949   0.218498 3.00647e+09
30   0.325730   2.07003   0.236325 3.25177e+09
31   0.343332   1.91263   0.255110 3.51024e+09
32   0.361489   1.76634   0.274847 3.78182e+09
33   0.380189   1.63027   0.295520 4.06627e+09
34   0.399419   1.50364   0.317108 4.36332e+09
35   0.419161   1.38572   0.339577 4.67248e+09
36   0.439397   1.27585   0.362887 4.99322e+09
37   0.460105   1.17342   0.386990 5.32487e+09
38   0.481261   1.07787   0.411827 5.66662e+09
39   0.502839   0.988708   0.437335 6.01760e+09
40   0.524807   0.905463   0.463438 6.37678e+09
41   0.547136   0.827699   0.490062 6.74311e+09
42   0.569789   0.755036   0.517119 7.11541e+09
43   0.592730   0.687109   0.544524 7.49250e+09
44   0.615919   0.623590   0.572186 7.87312e+09
45   0.639314   0.564177   0.600013 8.25601e+09
46   0.662870   0.508591   0.627910 8.63987e+09
47   0.686541   0.456577   0.655788 9.02346e+09
48   0.710278   0.407899   0.683555 9.40552e+09
49   0.734031   0.362340   0.711124 9.78486e+09
50   0.757746   0.319703   0.738408 1.01603e+10
51   0.781371   0.279802   0.765330 1.05307e+10
52   0.804849   0.242469   0.791811 1.08951e+10
53   0.828124   0.207549   0.817779 1.12524e+10
54   0.851138   0.174898   0.843168 1.16018e+10
55   0.873833   0.144383   0.867914 1.19423e+10
56   0.896151   0.115883   0.891962 1.22731e+10
57   0.918031  0.0892879   0.915256 1.25937e+10
58   0.939414  0.0644934   0.937749 1.29032e+10
59   0.960243  0.0414031   0.959398 1.32010e+10
60   0.980457  0.0199325   0.980160 1.34867e+10
61   1.00000   0.00000   1.00000 1.37597e+10